0.46871639008550475
0.16029185547124675
0.08561743108906744
0.08211316379650516
0.058736475637163055
0.06079727324258307
0.0572099841013424
0.07482389980731802
0.05363665585689829
0.0609985377232269
0.053037352794892606
0.05261060516107465
0.05628832902806797
0.06330391330011723
0.05466861735600085
0.05215487497251066
0.05283702301230183
0.052164464349225184
0.052154526236191545
0.05321364083789377
0.05222237985728628
0.053966390803907686
0.05286805075066296
0.06037203995171666
0.052564697753340425
0.05372401114564936
0.05215006555515532
0.05221289263042642
0.0527642862338899
0.061342831943502894
0.05636337166365763
0.0640870078483706
0.05414983556296304
0.055013601560489477
0.06397357291885482
0.06144261659505814
0.06429226528620473
0.08487532051780693
0.07539211032493222
0.10524949583154174
0.09454363950204209
0.10479248474451229
0.12296421691579384
0.13200671058406674
0.15768087420704585
0.15944540364988857
0.15836666009339995
0.12667605940288787
