0.07113368064165115
0.047174662351608276
0.03159806877374649
0.0224954541772604
0.045815421268343925
0.021212177351117134
0.043230993673205376
0.017646625638008118
0.03598981350660324
0.014508112333714962
0.029611715115606785
0.010831128805875778
0.022125988267362118
0.033915371634066105
0.008207811042666435
0.016791069880127907
0.02577572502195835
0.006330539472401142
0.012971438001841307
0.01994594745337963
0.02727970713749528
0.0050886753015220165
0.010453324764966965
0.0161167960613966
0.022104560863226652
0.02844494441524148
0.004509034100919962
0.009299594443291426
0.014398551546037197
0.019836219493299723
0.025646838825196028
0.0049549913965165615
0.010273394640535116
0.015995734371244907
0.02216849848628044
0.028845345601439476
0.00545078469440341
0.011381853371858597
0.017856276594102383
0.024947711266577244
0.032742098439484835
0.010217802599072456
0.021528050303459167
0.03408843744546175
