0.07113368064165115
0.047174662351608276
0.03159806877374649
0.0224954541772604
0.023319967091083527
0.021212177351117134
0.02201881632208824
0.017646625638008118
0.018343187868595123
0.014508112333714962
0.015103602781891823
0.010831128805875778
0.01129485946148634
0.011789383366703987
0.008207811042666435
0.008583258837461472
0.008984655141830444
0.006330539472401142
0.0066408985294401646
0.006974509451538324
0.007333759684115648
0.0050886753015220165
0.005364649463444948
0.005663471296429634
0.005987764801830053
0.006340383552014828
0.004509034100919962
0.004790560342371464
0.005098957102745771
0.0054376679472625256
0.005810619331896305
0.0049549913965165615
0.005318403244018555
0.005722339730709791
0.006172764115035534
0.006676847115159035
0.00545078469440341
0.005931068677455187
0.006474423222243786
0.007091434672474861
0.007794387172907591
0.010217802599072456
0.011310247704386711
0.012560387142002583
