159.76907348632812
82.59744262695312
35.12407684326172
21.159221649169922
13.530779838562012
8.752320289611816
5.973083972930908
5.919943809509277
6.620657444000244
5.031957626342773
5.239587306976318
3.986118793487549
3.3770906925201416
2.7260966300964355
2.478848457336426
2.0412542819976807
1.9879133701324463
1.6311355829238892
1.368430733680725
1.2638401985168457
1.1197302341461182
1.0555509328842163
0.8953758478164673
0.9983887076377869
0.783218502998352
0.7886945009231567
0.6641534566879272
0.6405903100967407
0.6030908226966858
0.552176296710968
0.5399215817451477
0.6289588212966919
0.4409725069999695
0.39276188611984253
0.4147322475910187
0.36888694763183594
0.37068286538124084
0.3006093502044678
0.35180458426475525
0.3022450804710388
0.26642486453056335
0.24279308319091797
0.22784334421157837
0.21715861558914185
0.22722917795181274
0.2313850224018097
0.26237422227859497
0.30172544717788696
0.4981597661972046
