0.48087602853775024
0.25742262601852417
0.11357173323631287
0.07113368064165115
0.047174662351608276
0.03159806877374649
0.0224954541772604
0.023203779011964798
0.027050204575061798
0.021411823108792305
0.023165417835116386
0.018442828208208084
0.016317779198288918
0.01378675177693367
0.013127783313393593
0.011333590373396873
0.01156951766461134
0.010020259767770767
0.008803295902907848
0.008561637252569199
0.008045189082622528
0.007978508248925209
0.0071693528443574905
0.008502829819917679
0.007077707909047604
0.007551444228738546
0.006781287491321564
0.0069956365041434765
0.007044576108455658
0.0069214156828820705
0.0072914124466478825
0.009188058786094189
0.006935577839612961
0.0067103891633450985
0.007756135892122984
0.007547320332378149
0.008289404213428497
0.007413032930344343
0.009622219018638134
0.009223571047186852
0.009174522012472153
0.00944486167281866
0.01005549170076847
0.011025753803551197
0.013459968380630016
0.016116397455334663
0.02177126705646515
0.030328279361128807
