0.4689808364039903
0.16027127125518598
0.0855460011944608
0.08202596114186186
0.058645991467806156
0.060683825677119115
0.05713503345528142
0.07465723345602909
0.05358522175651522
0.06084947769976443
0.052988490529735116
0.05257768700880603
0.05617080545285626
0.06328852396856252
0.05461740616846684
0.05215142502053362
0.052770260078193375
0.05215972861110618
0.05215008539424526
0.053201531276539434
0.052249690530930884
0.05382000546682913
0.052851542334630956
0.059958486500356865
0.05253146014348227
0.05353577361808683
0.05215778317271332
0.052184798539265255
0.052665963060697776
0.06076286635244086
0.05616535367684246
0.06322572281577796
0.053930762455843474
0.054648724786091014
0.06311547872950916
0.06082663692420763
0.06340267139046353
0.08337309749790678
0.07427987592800285
0.10342885227337083
0.09339882704809237
0.10366485999231415
0.12199850899640334
0.13144813023222876
0.15753761189757598
0.15947678864445342
0.15819651069932741
0.12657569484597364
