0
0
0
0
0
0
0
0
0
0
0
0.05299118285035188
0.10556668967533506
0.16171548042669695
0.22507057205282682
0.27973762980625894
0
0.05277558480098399
0.10493847463137604
0.1570890347830335
0.21033618313531724
0.2625722765398251
0
0.052905898966278064
0.11293639795252657
0.16552451907256702
0.21911023197468715
0.2712635043399358
0
0.052728617350993434
0.1136078825142458
0.16998728713595235
0.23345926850801485
0.287528155812108
0
0.06350256018315226
0.12460023506796003
0.18846102854411842
0.272796821801646
0
0.10483370644456494
0.19904654677522515
0
0.12335025931040781
0.2552743517296172
0
0
0
0
0
