0.05299118285035188
0.05257550682498317
0.05614879075136189
0.06335509162612987
0.0546670577534321
0.052153420777323246
0.05277558480098399
0.052162889830392044
0.05215056015165745
0.053247148352283745
0.05223609340450787
0.05384531026718122
0.052905898966278064
0.0600304989862485
0.05258812112004046
0.05358571290212013
0.05215327236524865
0.05220076925260538
0.052728617350993434
0.060879265163252365
0.05637940462170655
0.06347198137206252
0.05406888730409318
0.05495891161419401
0.06350256018315226
0.06109767488480778
0.06386079347615839
0.0843357932575276
0.07543926538739215
0.10483370644456494
0.09421284033066023
0.10479967944586913
0.12335025931040781
0.1319240924192094
