0
0
0.16026076172254744
0
0.08209830702673077
0.14084155849254598
0
0.05721625532809502
0.13199497616845884
0.18562654292524597
0
0.05302991813640497
0.10563698740586339
0.1618829614769775
0
0.05468370605598044
0.10683885335192735
0.1596685116956133
0
0.052153103291393915
0.10539053907859823
0.15761449327627655
0
0.05289361032374626
0.11313473808522184
0.16571781931978818
0
0.05215064277826737
0.10435806834165959
0.1570955975827678
0
0.056343513471706436
0.12017097634744167
0.17431263180927942
0
0.06373986712264368
0.1250214092063074
0.18886907051976842
0
0.075491389761431
0.18067061727516207
0
0.10508214133291548
0
0.13202919304817387
0
0.15929658024551568
0
0.1279021962966338
0
