0.4696034221725794
0.16026076172254744
0.08570422186969959
0.08209830702673077
0.05874325146581522
0.06078815327136494
0.05721625532809502
0.07477872084036384
0.053631566756787125
0.06095149243128066
0.05302991813640497
0.052607069269458406
0.05624597407111412
0.06336596707129094
0.05468370605598044
0.052155147295946905
0.05282965834368594
0.0521665702122694
0.052153103291393915
0.053237435787204315
0.05222395419767833
0.05393437591577811
0.05289361032374626
0.060241127761475576
0.052583081234566356
0.05368043277768391
0.05215064277826737
0.05220742556339222
0.05273752924110821
0.061105749112959754
0.056343513471706436
0.06382746287573524
0.054141655461837745
0.054981788442176965
0.06373986712264368
0.061281542083663695
0.06384766131346103
0.08434119572669752
0.075491389761431
0.10517922751373107
0.09479651245687881
0.10508214133291548
0.1237058087057866
0.13202919304817387
0.15779379192716986
0.15929658024551568
0.15788200420700432
0.1279021962966338
