0.36361059482693237
0.16095403987133813
0.09145232483905281
0.08084355885294936
0.05840382563592342
0.0638897975300973
0.05656232103874834
0.07448051230224291
0.05608198252820294
0.05996153276171979
0.05329292532370035
0.05246103585503663
0.05615861271345925
0.06371001233962709
0.058185293914403156
0.052150112881031906
0.05215310734432101
0.052154716389103434
0.052163681821369115
0.05217584840437159
0.05230781643050014
0.0523407071958008
0.05221862005587182
0.054472275476645245
0.05247839670619154
0.056105124629145894
0.05215605272077959
0.052149719653148796
0.052244409579771826
0.055617617077903934
0.05317584867379065
0.05657050350066065
0.05307647952210535
0.05420793926625974
0.0647391302340975
0.05850479384017661
0.05848429820962065
0.07379023085445696
0.06811204565347745
0.09935204375940211
0.09094749222798384
0.10124652808182774
0.12608396665744287
0.13382301827817056
0.15723778233858074
0.16103593029006114
0.15413153118755374
0.12274963570593939
