0
0
0.16022021477593787
0.24569044882774918
0
0.058508402251215466
0.11900054794371973
0.17596920724901605
0.25027542067622677
0
0.060541705144721535
0.11341827367658011
0.16590935897772083
0.22178034735712748
0.28480104031451126
0
0.05215118722537629
0.10475681132968095
0.15690686559505262
0.2090713402271907
0.2621583465210182
0
0.05343899704292276
0.1061768074189399
0.16518073224550592
0.21757089590924478
0.2706683642221398
0
0.0521516148022998
0.10453700335001753
0.1637930405130036
0.2191184636177742
0.28038699046353377
0
0.05350783625241508
0.1141691150206881
0.17261415495288407
0.2326857400937698
0
0.06969539410492745
0.1692114210453941
0.2584023419490479
0
0.12014454811668489
0.2505736500348769
0
0.16021959157795024
0
0.12330115910313719
0
