0.4655678856645187
0.16022021477593787
0.08547023405181131
0.08199533192184612
0.058508402251215466
0.060492145692504266
0.056968659305296314
0.0743062134272107
0.05345588096478723
0.060541705144721535
0.05287656853185857
0.05249108530114072
0.05587098837940666
0.06302069295738374
0.05444938945741435
0.05215118722537629
0.05260562410430466
0.05215005426537166
0.05216447463213808
0.05308700629382749
0.05235457804632898
0.05343899704292276
0.05273781037601714
0.05900392482656603
0.05239016366373887
0.053097468312895024
0.05225464815201271
0.0521516148022998
0.05238538854771774
0.05925603716298608
0.0553254231047706
0.061268526845759536
0.05325412177453787
0.05350783625241508
0.06066127876827303
0.05844503993219596
0.06007158514088573
0.07951553789006253
0.06969539410492745
0.09951602694046666
0.08919092090365378
0.10046608476303219
0.12014454811668489
0.13042910191819204
0.15796148502455312
0.16021959157795024
0.15513543262839402
0.12330115910313719
