0.05297524801673539
0.05256694054276836
0.0561086503659757
0.0633081580999856
0.054636612477812235
0.05215196131850296
0.052758547511949874
0.05216206176358251
0.052149893014944694
0.05325034385710442
0.05224439426800244
0.053804295543629865
0.05291679261946402
0.059887631384232504
0.05258153757361111
0.05354477773527772
0.052154448182149336
0.05219708804169867
0.05271601284535247
0.060793822913689344
0.056386260168357814
0.0634584121780704
0.05419512697799594
0.05504485628879957
0.06405802727143614
0.0619701955424796
0.06514997469384863
0.08640255268591529
0.07865712355424297
0.10932964055980075
0.10134965810372103
0.1143093285709538
0.13417868168938096
0.14443492009925119
