0
0
0
0
0
0
0
0
0
0
0
0.05297524801673539
0.10554218855950376
0.16165083892547946
0.22495899702546507
0.27959560950327733
0.3317475708217803
0.38450611833373016
0.4366681800973127
0.4888180731122574
0.5420684169693618
0.5943128112373642
0.6481171067809941
0.7010338994004581
0.7609215307846906
0.8135030683583017
0.8670478460935794
0.9192022942757287
0.9713993823174274
1.02411539516278
1.0849092180764692
1.141295478244827
1.2047538904228974
1.2589490174008933
1.3139938736896928
1.378051900961129
1.4400220965036086
1.5051720711974572
1.5915746238833726
1.6702317474376156
1.7795613879974164
1.8809110461011374
1.9952203746720911
2.129399056361472
2.2738339764607236
0
0
0
0
0
