0
0
0
0
0
0
0
0
0
0
0
0.05293155001853871
0.10546670144604488
0.161488200105977
0.22454776411328936
0.2790573016228434
0.331207001059394
0.3839051813388838
0.43605808706624866
0.48820945693474577
0
0.052303695627085985
0.10593664951362868
0.15868255399432712
0.21820185343948492
0.27063147294819384
0.3239359881299666
0.37613609780669305
0.4282885394847604
0.480777597636888
0
0.05564371388492686
0.11802787792688951
0.17158436689992748
0.2256359045480429
0.2875723826729278
0.3471815588721132
0.4086936338245095
0.4900784972291552
0
0.10085090470320351
0.19086977126466742
0.2916007133374585
0.4123932212811852
0
0
0
0
0
0
