0.05293155001853871
0.052535151427506165
0.056021498659932126
0.06305956400731236
0.054509537509554076
0.05214969943655058
0.052698180279489824
0.05215290572736487
0.05215136986849712
0.05312319838803635
0.052303695627085985
0.05363295388654269
0.05274590448069846
0.05951929944515779
0.05242961950870894
0.05330451518177277
0.05220010967672646
0.05215244167806736
0.05248905815212755
0.05999657480924088
0.05564371388492686
0.06238416404196265
0.05355648897303797
0.0540515376481154
0.06193647812488491
0.05960917619918541
0.06151207495239632
0.08138486340464571
0.07152033192040858
0.10085090470320351
0.0900188665614639
0.10073094207279108
0.12079250794372669
0.13123048232789825
